 &NAMDOM
  NX=         101 
  NY=         101 
  NPROJC='LMN '
  DX=     5000.0000    
  DY=     5000.0000    
  SLAT= 30.0   
  SLON= 244.0      
  FLATC=  38.0     
  FLONC= 240.0       
  XI=-999.999878       
  XJ=-999.999878       
  XLAT=-999.999878       
  XLON=-999.999878       
 &END
