 &NAMDOM
  NX=         101 
  NY=         101 
  NPROJC='LMN '
  DX=     2000.0000    
  DY=     2000.0000    
  SLAT= 30.0   
  SLON= 237.5      
  FLATC=  37.8     
  FLONC= 237.5       
  XI=-999.999878       
  XJ=-999.999878       
  XLAT=-999.999878       
  XLON=-999.999878       
 &END
